0 -1.19003e-05 -2.30955e-06 -0.00446218
7 5.09777e-05 1.87576e-05 0.0771221
24 0.000140911 6.83333e-05 0.212028
78 0.000834988 0.000325951 1.11551
97 0.00124486 0.000482259 1.58956
139 0.00207613 0.000817795 2.57992
162 0.00251311 0.000995326 3.0933
184 0.00290857 0.0011621 3.55745
198 0.00318937 0.00129455 3.88671
213 0.00352047 0.00142919 4.247
245 0.00436447 0.0017527 5.20938
259 0.00479629 0.00194798 5.68265
274 0.00523349 0.00212519 6.17722
288 0.00563446 0.00228802 6.63335
321 0.00655121 0.00266463 7.71399
331 0.00679219 0.00275853 8.01585
345 0.00714493 0.00291115 8.42535
354 0.0073704 0.0029941 8.74116
375 0.00784575 0.00319233 9.43294
400 0.00840433 0.00347164 10.2875
406 0.0085446 0.00356228 10.4624
418 0.00885795 0.00377235 10.8707
449 0.00971145 0.00415053 12.0024
465 0.0102353 0.00441773 12.6748
486 0.0112198 0.00512441 13.9688
492 0.0115678 0.00505303 14.403
523 0.0131995 0.00562195 16.4386
555 0.0151323 0.00611462 18.7578
568 0.0160519 0.00635849 19.768
594 0.0180287 0.00681868 21.8202
624 0.0199948 0.00738021 23.7132
634 0.0206397 0.00756641 24.4276
659 0.0233137 0.00861935 26.8202
672 0.0249151 0.00927438 28.2839
722 0.0306547 0.0105084 32.5251
735 0.0317175 0.0105855 33.1604
768 0.0343031 0.010802 34.7408
788 0.035626 0.0109285 35.5413
832 0.0388292 0.011255 37.436
852 0.0401645 0.011395 38.2219
886 0.0425813 0.0116512 39.6592
899 0.043477 0.011751 40.1974
912 0.044295 0.0118503 40.6978
923 0.0449154 0.0119329 41.0794
936 0.0458073 0.0121109 41.6274
944 0.0448069 0.0126374 41.2792
955 0.0920302 0.0193292 70.1588
979 0.194853 0.0297796 131.055
1012 0.341779 0.0472616 217.467
1034 0.453038 0.0611971 280.875
1049 0.522097 0.0669218 318.538
1061 0.578821 0.0708421 349.085
1088 0.717366 0.0761339 420.919
1104 0.797616 0.0771907 461.294
1130 0.950006 0.0752846 535.637
1153 1.08853 0.0699767 600.133
1175 1.20968 0.0636133 654.125
1185 1.28039 0.0598148 685.129
1213 1.43158 0.0493527 747.946
1228 1.5067 0.0445579 778.559
1253 1.64867 0.0341237 834.613
1266 1.72126 0.0302672 862.438
1291 1.83429 0.0211052 904.531
1308 1.91223 0.0168962 932.913
1317 1.94976 0.0174499 946.824
1329 2.00272 0.0121015 965.451
1363 2.1483 -0.00528562 1015.42
1393 2.28522 -0.0202685 1060.56
1405 2.33237 -0.037509 1073.28
1431 2.40524 -0.0806236 1088.43
1454 2.45555 -0.11942 1097.38
1462 2.47367 -0.130351 1101.19
1488 2.51869 -0.137187 1112.68
1504 2.54522 -0.144235 1119.12
1519 2.56937 -0.141399 1125.93
1550 2.6185 -0.130947 1140.3
1564 2.63952 -0.127397 1146.48
1587 2.67782 -0.118896 1157.42
1598 2.69585 -0.115002 1162.38
1608 2.71028 -0.111869 1166.02
1628 2.73627 -0.0881919 1175.4
1635 2.74541 -0.0834932 1178.82
1660 2.78787 -0.0564493 1195.06
1681 2.82658 -0.04461 1209.51
1695 2.86182 -0.0410188 1227.31
1721 2.99221 -0.0362391 1293.5
